10
1
4
10
430 988 763 573 19 76 580 640 844 602
249 754 265 955 424 586 584 522 734 608
720 124 92 840 213 592 874 342 707 484
397 137 823 512 61 842 587 992 833 782
594 82 536 858 388 311 795 971 184 880
578 903 355 21 742 568 612 615 909 670
98 657 158 273 168 218 114 106 210 298
888 803 379 423 12 118 733 159 440 917
390 17 819 745 389 561 312 1000 527 220
670 625 876 827 249 396 397 362 501 606
5
740 760 390 162 123
507 247 633 947 515
23 315 685 767 704
597 78 55 124 649
76 100 876 255 348
9
651 61 124 608 71 215 719 460 729
841 319 975 826 617 841 848 283 877
966 338 474 43 393 949 43 820 48
918 74 747 893 724 807 368 683 877
582 401 689 310 594 359 636 419 327
828 618 609 705 583 299 178 977 43
126 19 862 525 288 936 271 180 11
429 547 694 657 481 94 345 790 687
55 778 457 381 605 74 342 309 656
10
486 632 34 963 2 895 839 290 830 109
821 193 889 720 886 546 200 331 890 341
370 297 118 826 677 723 900 370 31 907
361 869 891 394 831 892 289 670 533 470
130 706 662 19 425 899 564 976 230 805
316 599 453 434 424 130 156 675 851 186
934 212 54 176 605 237 419 245 258 304
715 739 9 728 757 785 627 672 760 208
829 427 806 281 860 581 762 15 608 613
553 541 176 958 68 780 194 486 25 803
7
91 542 149 818 650 933 796
322 44 3 502 471 808 134
682 741 896 697 348 860 601
240 387 910 307 166 104 792
542 258 581 632 799 81 802
449 14 597 122 57 600 623
879 759 108 561 499 355 609
8
214 561 85 600 470 743 118 925
535 11 183 467 995 981 547 796
781 912 744 902 321 695 876 199
454 984 111 304 338 719 502 904
279 938 855 101 681 324 25 567
335 207 385 329 540 931 476 320
195 571 222 515 266 449 65 71
432 176 726 122 246 227 25 877
7
879 977 845 203 1 763 889
560 147 569 99 429 396 418
623 966 991 489 583 440 554
5 223 81 731 344 326 957
720 554 473 951 530 669 153
883 431 393 442 577 961 540
6 708 309 980 673 652 469
10
443 22 612 17 454 342 361 779 651 432
333 123 382 214 792 886 96 574 278 889
151 590 780 508 297 89 839 322 92 307
929 534 680 540 550 133 234 262 264 884
694 948 6 427 161 149 313 609 723 590
497 225 180 277 732 828 717 922 149 160
229 77 45 908 969 594 393 202 208 8
437 253 955 794 679 467 943 343 427 17
933 276 241 464 552 324 291 620 245 792
131 825 220 175 85 188 120 829 741 327
6
177 931 790 323 962 608
617 304 35 633 588 310
225 403 213 900 694 184
496 837 314 673 56 488
757 596 607 585 688 286
420 217 568 561 539 529